Table 1
Radiation Exposure Data

Log B.H.  # of Samples   % Total
0.0    1     0.2
0.5    1     0.2
1.0    1     0.2
1.5    1     0.2
2.0    1     0.2
2.5    1     0.2
3.0    1     0.2
3.5    1     0.2
4.0    1     0.2
4.5    1     0.2
5.0    1     0.2
5.5    1     0.2
6.0    1     0.2
6.5    1     0.2
7.0    1     0.2
7.5    1     0.2
8.0    1     0.2
8.5    1     0.2
9.0    1     0.2
9.5    1     0.2
10.0   1     0.2
10.5   1     0.2
11.0   1     0.2
11.5   1     0.2
12.0   1     0.2
12.5   1     0.2
13.0   1     0.2
13.5   1     0.2
14.0   1     0.2
14.5   1     0.2
15.0   1     0.2
15.5   1     0.2
16.0   1     0.2
16.5   1     0.2
17.0   1     0.2
17.5   1     0.2
18.0   1     0.2
18.5   1     0.2
19.0   1     0.2
19.5   1     0.2
20.0   1     0.2

% Total
0.2
0.2
0.2
0.2
0.2
0.2
0.2
0.2
0.2
0.2
0.2
0.2
0.2
0.2
0.2
0.2
0.2
0.2
0.2
0.2
0.2
0.2
0.2
0.2
0.2
0.2
0.2
0.2
0.2
0.2
0.2
0.2
0.2
0.2
0.2
0.2
0.2
0.2
0.2
0.2
0.2
0.2
0.2

Log B.H.  # of Samples   % Total
0.0    1     0.2
0.5    1     0.2
1.0    1     0.2
1.5    1     0.2
2.0    1     0.2
2.5    1     0.2
3.0    1     0.2
3.5    1     0.2
4.0    1     0.2
4.5    1     0.2
5.0    1     0.2
5.5    1     0.2
6.0    1     0.2
6.5    1     0.2
7.0    1     0.2
7.5    1     0.2
8.0    1     0.2
8.5    1     0.2
9.0    1     0.2
9.5    1     0.2
10.0   1     0.2
10.5   1     0.2
11.0   1     0.2
11.5   1     0.2
12.0   1     0.2
12.5   1     0.2
13.0   1     0.2
13.5   1     0.2
14.0   1     0.2
14.5   1     0.2
15.0   1     0.2
15.5   1     0.2
16.0   1     0.2
16.5   1     0.2
17.0   1     0.2
17.5   1     0.2
18.0   1     0.2
18.5   1     0.2
19.0   1     0.2
19.5   1     0.2
20.0   1     0.2

% Total
0.2
0.2
0.2
0.2
0.2
0.2
0.2
0.2
0.2
0.2
0.2
0.2
0.2
0.2
0.2
0.2
0.2
0.2
0.2
0.2
0.2
0.2
0.2
0.2
0.2
0.2
0.2
0.2
0.2
0.2
0.2
0.2
0.2
0.2
0.2
0.2
0.2
0.2
0.2
0.2
0.2
0.2
0.2

* Comments:  All the data were taken at 7/16/76
Log B.H.   # of Samples    % Total
-1.5     3      1.4
-1.0     3      1.4
-.5       3      1.4
0.0       3      1.4
.5        3      1.4
1.0       3      1.4
1.5       3      1.4
2.0       3      1.4
2.5       3      1.4
3.0       3      1.4
3.5       3      1.4
4.0       3      1.4
4.5       3      1.4
5.0       3      1.4
5.5       3      1.4
6.0       3      1.4
6.5       3      1.4
7.0       3      1.4
7.5       3      1.4
8.0       3      1.4
8.5       3      1.4
9.0       3      1.4
9.5       3      1.4
10.0      3      1.4
10.5      3      1.4
11.0      3      1.4
11.5      3      1.4
12.0      3      1.4
12.5      3      1.4
13.0      3      1.4
13.5      3      1.4
14.0      3      1.4
14.5      3      1.4
15.0      3      1.4
15.5      3      1.4
16.0      3      1.4
16.5      3      1.4
17.0      3      1.4
17.5      3      1.4
18.0      3      1.4
18.5      3      1.4
19.0      3      1.4
19.5      3      1.4
20.0      3      1.4

% Total
1.4
1.4
1.4
1.4
1.4
1.4
1.4
1.4
1.4
1.4
1.4
1.4
1.4
1.4
1.4
1.4
1.4
1.4
1.4
1.4
1.4
1.4
1.4
1.4
1.4
1.4
1.4
1.4
1.4
1.4
1.4
1.4
1.4
1.4
1.4
1.4
1.4
1.4
1.4
1.4
1.4
1.4
1.4

51102 3685
Log B.H.   # of Samples    % Total