QUEUE #7
13



DATE: JAN 11 88 TIME: 11:53 TARE WEIGHT:

SCHEDULED: JAN 11 AT TAR SHIFT: 8
201SAR VAN 100 160663 MACHINES SAMPLED: 1 (0000 11BTAR )

TYPE OF MACHINE:





CIGARILLIE



NO WEIGHT H. OPEN DFT SIZE FIRM VIS FT DIL COL.DIL H. CLOSED DFT
GM MM MM O.I MM MM MM MM
1 1.002 132.00 24.97 49.80 3.90 222.00
2 1.006 141.00 25.11 50.50 4.50 236.00
3 1.056 125.00 25.19 50.00 3.10 202.00
4 1.061 123.00 24.92 54.10 3.50 203.00
5 1.056 137.00 25.04 53.10 4.00 228.00
6 1.129 146.00 25.04 22:30 7.00 226.00
7 1.075 141.00 25.01 49.30 3.30 228.00
8 1.108 141.00 24.96 49.40 4.00 228.00
9 1.039 127.00 25.02 49.90 4.10 201.00
10 1.073 128.00 24.99 52.70 3.30 220.00
11 1.083 124.00 24.98 51.70 4.00 205.00
12 1.049 124.00 24.96 51.70 3.30 199.00
13 1.076 186.00 25.01 20.40 5.50 212.00
14 1.056 141.00 24.97 49.60 3.50 228.00
15 1.039 129.00 25.02 51.50 4.50 210.00
16 1.107 173.00 24.98 15.50 6.50 248.00
17 1.041 141.00 25.03 50.20 4.00 201.00
18 1.091 141.00 24.96 51.60 3.80 228.00
19 1.081 138.00 25.01 49.60 3.80 214.00
20 1.071 124.00 24.95 52.60 3.10 203.00





(UNCUT LENGTHS)



NO WEIGHT H. OPEN DFT SIZE FIRM VIS FT DIL COL.DIL H. CLOSED DFT
GM MM MM O.I MM MM MM MM
1 1.048 132.00 25.03 49.60 3.70 222.00
2 1.056 141.00 25.01 50.10 4.20 236.00
3 1.061 125.00 24.98 50.00 3.10 202.00
4 1.075 123.00 25.02 54.10 3.50 203.00
5 1.066 137.00 25.01 53.10 4.00 228.00
6 1.129 146.00 24.99 22:30 7.00 226.00
7 1.075 141.00 25.01 49.30 3.30 228.00
8 1.108 141.00 24.96 49.40 4.00 228.00
9 1.039 127.00 25.02 49.90 4.10 201.00
10 1.073 128.00 24.99 52.70 3.30 220.00
11 1.083 124.00 24.98 51.70 4.00 205.00
12 1.049 124.00 24.96 51.70 3.30 199.00
13 1.076 186.00 25.01 20.40 5.50 212.00
14 1.056 141.00 24.97 49.60 3.50 228.00
15 1.039 129.00 25.02 51.50 4.50 210.00




SUPERVISOR:





CHECKED BY:



DATE: 1/11/88





