1/16/29

Sumpter Printing Company of Arizona
State of Arizona - Sales Tax Report



Sales Tax Returns



Net Receipts
.504 10.12 .54 1.28 .54 1.28 .57 1.13
.916 10.12 .52 2.25 .52 2.25 .57 1.12
.903 10.59 .54 1.28 .54 1.28 .57 1.12
.903 10.59 .52 2.25 .52 2.25 .57 1.12
.913 10.88 .51 1.28 .51 1.28 .57 1.12



Tax Due




.504 10.57 .54 1.28 .54 1.28 .57 1.13
.916 10.42 .52 2.25 .52 2.25 .57 1.12
.903 10.88 .54 1.28 .54 1.28 .57 1.12
.903 10.88 .51 1.28 .51 1.28 .57 1.12
.913 10.88 .51 1.28 .51 1.28 .57 1.12



00064657