3-18-89

TABBB
+
IS357
+
AS38
INVENTORY DATE

3-15-89
30 26 27 28 29
26 27 28 29 30
31 1 2 3 4 5
3-20-89
31 2 3 4 5 6
2 3 4 5 6 7
7 8 9 10 11 12
3-26-89
7 8 9 10 11 12
13 14 15 16 17 18
19 20 21 22 23 24
3-2-89
19 20 21 22 23 24
25 26 27 28 29 30
31 1 2 3 4 5 6
3-9-89
1 2 3 4 5 6
7 8 9 10 11 12
13 14 15 16 17 18
3-23-89
19 20 21 22 23 24
25 26 27 28 29 30
31 1 2 3 4 5

4-5-89

.15 26 .15
.15 .15 .15
.15 .15 .15
.15 .15 .15
.15 .15 .15
.15 .15 .15
.15 .15 .15

.15 26 .15
.15 .15 .15
.15 .15 .15
.15 .15 .15
.15 .15 .15
.15 .15 .15
.15 .15 .15

.15 26 .15
.15 .15 .15
.15 .15 .15
.15 .15 .15
.15 .15 .15
.15 .15 .15
.15 .15 .15

.15 26 .15
.15 .15 .15
.15 .15 .15
.15 .15 .15
.15 .15 .15
.15 .15 .15
.15 .15 .15

.15 26 .15
.15 .15 .15
.15 .15 .15
.15 .15 .15
.15 .15 .15
.15 .15 .15
.15 .15 .15

TABOO
+
IS357
+
AS38

5087.0748