JCO-BOSTON MA
BOSTON, MA

PERMANENT
BACK_LITE
TOTAL

1
1
1892
8892
1388
9080

46820
46820
2996
51316

172/12 2.7
4084 0.1
14212

29
108097
39527
39527
2564
41891

147424 2.4 89
3568 0.1 100
151992 0.1 39

JCO-SPRINGFIELD
SPRINGFIELD, RI
PROVIDENCE, RI

TOTAL

10
1714
4714
5295

11939
11939
18184

16014 0.3
26333 0.5
3

4390
14184
16184
4390

JCO-HARTFORD
HARTFORD/NEW BRITAIN, CT

TOTAL

2
2
2197
3790

24406
24406

26751 0.5
26751

5
10386
10386
7385
4

JCO-ALBANY/TROY
ALBANY, NY
TROY, NY

TOTAL

4
2
8670
8670

9742
9742

16751 0.4
16751

25295
25295
4000

27597 0.4 80
36773 0.4 80
11970 0.2 50
36006 0.3 15

JCO-BUFFALO
BUFFALO, NY

TOTAL

7
9411
9411

8975

18386 0.4

21752
21752
2752

9992
12745 0.3 50

20407.25