OUTDOOR COMPETITIVE TOBACCO EXPENDITURES AS OF OCT 1984
TAB MARKET SUMMARY (BLACK)

REPORT: PWRO-4B
DATE: 11/30/84
PAGE: 27

1./ MARKET

CURRENT MONTH CURRENT QUARTER YEAR-TO-DATE
COST RANK % COST RANK % COST RANK %
1-BOSTON, MA
2500 6 0.3
3900 11 0.4
33117 28 0.6
170118 1 12.2
33117 28 0.6
170118 1 12.2
97327 2 12.4
2500 6 0.3
3900 11 0.4
33117 28 0.6
170118 1 12.2
97327 2 12.4
2-NEW YORK, NY
2500 6 0.3
3900 11 0.4
33117 28 0.6
170118 1 12.2
97327 2 12.4
3-PHILADELPHIA, PA
104529 4 7.5
104529 4 7.5
41723 6 0.8
104529 4 7.5
41723 6 0.8
4-BALTIMORE, MD
75274 5 5.4
75274 5 5.4
28582 4 0.1
75274 5 5.4
28582 4 0.1
5-WASHINGTON, DC
4176 3 0.1
4176 3 0.1
5640 43 0.1
4176 3 0.1
5640 43 0.1
6-RICHMOND, VA
2859 1 0.2
2859 1 0.2
7095 15 0.6
2859 1 0.2
7095 15 0.6
7-FT. WORTH, TX
22465 3 0.6
22465 3 0.6
33980 26 0.4
22465 3 0.6
33980 26 0.4
8-DALLAS, TX
6121 2 0.1
6121 2 0.1
5265 40 0.1
6121 2 0.1
5265 40 0.1
9-HOUSTON, TX
3378 3 0.2
3378 3 0.2
12432 39 0.2
3378 3 0.2
12432 39 0.2

19840951
2040-118/951