DEC 84

TOP BRANDS MEDIA SPENDING

WAGS PSTS POP SUPPS ODP TOTAL
MARLBORO $4,669,904 $1,483,721 $0 $429,246 $2,047,015 $10,519 $8,699,890
B&H $1,655,349 9,899 0 629,080 310,519 $2,604,847
MERIT $3,139,089 3,972,469 0 2,309,316 3,418,007 $14,838,891
V.SILINS $1,652,144 71,965 0 875,530 304,157 $2,904,556
WINSTON $1,422,363 0 0 181,000 1,134,347 $4,714,710
SALEM $1,818,688 129,506 0 565,176 2,630,107 $6,578,208
CAMEL $2,465,256 120,237 0 1,993,039 $4,744,308
VANTAGE 2,465,907 2,146 0 331,166 225,974 $2,025,193
MORE 1,902,657 0 279,000 404,333 189,045 $2,175,035
COOL 1,572,368 0 0 426,700 0 $1,999,068
NOW 2,565,562 1,573,912 0 1,654,308 1,607,750 $7,401,532
KOOL 515,160 466,165 0 21,411 1,429,816 $2,432,558

TOTAL $27,244,447 $7,830,020 $2,799,252 $16,670,170 $60,118,889
14SSBSW01