1994
TOTAL
BUDGET
DIFF

12
2781
30
2889
2690
20.979
30.537
31.099
199.179
11.779
MENT
284
282
292
286
2.087
3.087
2.814
11.372
11.372
VARIMENT
215
228
215
212
27.748
3.094
2.654
11.376
11.376
CONSTRUCT
62
62
62
50
7.40
824
759
3.014
3.014
OWNER
4
195
185
172
166
243
200
221
946
946
OTHER
0
0
0
0
0
0
0
0
13
13
ALPINE
32
35
35
31
30
4.03
481
432
1.653
1.653
PRIVATE LABEL
2
2
2
2
2
2.02
19
2.094
2.092
8.458
8.458
BRICK
18
18
18
17
16
5.807
2.235
5.607
22.561
22.561
PLAN
0
0
0
4
4
39
39
191
890
890
TOTAL PREMIUM
0.072
3.532
3.229
3.096
3.229
40.395
40.775
42.265
189.812
189.812
TOTAL RECONSTR
2.800
4.043
4.178
891
890
10.397
10.796
10.681
42.807
42.807
TOTAL PROCESS
12.500
12.500
12.500
4.043
4.043
47.364
52.024
51.909
211.210
211.210
PROCESS
18.500
3000
3000
3000
3000
2.399
5.507
0
-554

2045492166