IRI Headquartered Des Plaines, Illinois
UPI Business Date: 07/26/2013
Report Printed: 07/26/2013

TOTAL VARIANTAGE 2

TOTAL VARIANTAGE

4 WEEKLY SALES (0009)

VOLUME AVERAGE EFFECTIVE
MANUFACTURER COUPON DISCOUNT
Tot Coupon Amount

DATE
JAN 28, 2013
FEB 25, 2013
MAR 25, 2013
APR 22, 2013
MAY 20, 2013
JUN 17, 2013
JUL 15, 2013

CUMULATIVE
1.46
1.46
1.46
1.46
1.46
1.46
1.46

US$
984.996
1,026.166
1,026.166
1,051.739
1,051.739
1,051.739
1,051.739

SALES
GROCERY
SUPPERMARKS GROCERY
408.402 162.186
428.862 141.716
428.862 141.716
407.095 139.446
407.095 139.446
406.360 143.426
406.360 143.426

%
.98
.98
.98
.98
.98
.98
.98

TOTAL
1.46
1.46
1.46
1.46
1.46
1.46
1.46

VALUE DISCOUNT
$0.73 31
$0.63 30
$0.63 30
$0.63 30
$0.63 30
$0.63 30
$0.63 30

CONVENIENCE DRUG
PRIOR CURRENT
3 228 1,026 561 984 52 776
3 25 1,051 568 1,026 53 711
3 25 1,051 568 1,026 53 711
3 25 1,051 568 1,026 53 711
3 25 1,051 568 1,026 53 711
3 25 1,051 568 1,026 53 711
3 25 1,051 568 1,026 53 711

AUG 12, 2013
SEP 9, 2013
OCT 7, 2013
NOV 4, 2013
DEC 2, 2013

1.46
1.46
1.46
1.46
1.46

$0.63 30
$0.63 30
$0.63 30
$0.63 30
$0.63 30

984.996 561.982 72.111
987.793 568.078 67.116
987.793 568.078 67.116
987.793 568.078 67.116
987.793 568.078 67.116

420.180 143.526
420.180 143.526
412.711 139.718
412.711 139.718
401.917 133.400

TOTAL
1,000.000 561.982 66.840
1,000.000 568.078 66.840
1,025.417 405.133 61.919
1,025.417 405.133 61.919
945.002 367.826 59.331
945.002 367.826 59.331
939.461 364.266 60.710
939.461 364.266 60.710
922.567 367.736 54.870
922.567 367.736 54.870
896.411 342.763 55.475

353.091 126.159
353.091 126.159
348.708 126.250
353.715 126.159
353.715 126.159

Page 1
07/26/2013