AGENCY #3772

PHILLIPS MORRIS INC.

D_TITLE / SERIP RECAP

MAY 1985

PAGE 01

ACCOUNT NUMBER

EXPENDITURE PAID

SERIES

P
A
C
E

MONTHLY TO-DATE

INTEREST

MONTHLY TO-DATE

OUTSTANDING INDEX-OP CREATED
CHANGE CURRENT TOTAL
COUNT

372.62 4/25/85 49.72
0.00 4/25/85 0.00
0.00 4/25/85 0.00
0.00 4/25/85 0.00
0.00 4/25/85 0.00
0.00 4/25/85 0.00
14376.42 4/25/85 0.00
0.00 4/25/85 0.00
0.00 4/25/85 0.00
0.00 4/25/85 0.00
14376.42 11294.49 72
0.00 0.00 00
0.00 0.00 00
0.00 0.00 00
0.00 0.00 00
0.00 0.00 00
14376.42 11294.49 72

SERVICE CHARGE

MONTHLY TO-DATE

0.00
0.00
0.00
0.00
0.00
0.00
0.00
0.00
0.00
0.00
0.00

14376.42 11294.49 72

11258.00 4/25/85 12264.59 80
646.00 4/25/85 8131.14 572
547.00 4/25/85 5186.02 516

11258.00 12264.59 80
646.00 8131.14 572
547.00 5186.02 516

11258.00 4/25/85 11294.49 814
646.00 4/25/85 8131.14 572
547.00 4/25/85 5186.02 516

11258.00 11294.49 814
646.00 8131.14 572
547.00 5186.02 516

11258.00 4/25/85 11294.49 814
646.00 4/25/85 8131.14 572
547.00 4/25/85 5186.02 516

11258.00 11294.49 814
646.00 8131.14 572
547.00 5186.02 516

11258.00 4/25/85 11294.49 814
646.00 4/25/85 8131.14 572
547.00 4/25/85 5186.02 516

11258.00 11294.49 814
646.00 8131.14 572
547.00 5186.02 516

11258.00 4/25/85 11294.49 814
646.00 4/25/85 8131.14 572
547.00 4/25/85 5186.02 516

11258.00 11294.49 814
646.00 8131.14 572
547.00 5186.02 516

11258.00 4/25/85 11294.49 814
646.00 4/25/85 8131.14 572
547.00 4/25/85 5186.02 516

11258.00 11294.49 814
646.00 8131.14 572
547.00 5186.02 516

11258.00 4/25/85 11294.49 814
646.00 4/25/85 8131.14 572
547.00 4/25/85 5186.02 516

11258.00 11294.49 814
646.00 8131.14 572
547.00 5186.02 516

11258.00 4/25/85 11294.49 814
646.00 4/25/85 8131.14 572
547.00 4/25/85 5186.02 516

11258.00 11294.49 814
646.00 8131.14 572
547.00 5186.02 516

11258.00 4/25/85 11294.49 814
646.00 4/25/85 8131.14 572
547.00 4/25/85 5186.02 516

11258.00 11294.49 814
646.00 8131.14 572
547.00 5186.02 516

11258.00 4/25/85 11294.49 814
646.00 4/25/85 8131.14 572
547.00 4/25/85 5186.02 516

11258.00 11294.49 814
646.00 8131.14 572
547.00 5186.02 516

11258.00 4/25/85 11294.49 814
646.00 4/25/85 8131.14 572
547.00 4/25/85 5186.02 516

11258.00 1129