Week Ending
1/31/97
2/07/97
2/14/97
2/21/97
2/28/97
3/06/97
3/13/97
3/20/97
3/27/97
4/03/97
4/10/97
4/17/97
4/24/97
5/01/97
5/08/97
5/15/97
5/22/97
5/29/97
5/30/97

Philip Morris
Spring Home Office Sheet 97 Air-Corp Mg Line.
Postage Actuals Forecast

Week-Ending
1/31/97
2/07/97
2/14/97
2/21/97
2/28/97
3/06/97
3/13/97
3/20/97
3/27/97
4/03/97
4/10/97
4/17/97
4/24/97
5/01/97
5/08/97
5/15/97
5/22/97
5/29/97
5/30/97

Liquidation
2,164.27
2,078.83
2,297.86
2,083.63
2,283.63
2,078.83
2,257.86
2,083.63
4,116.83
2,078.83
2,297.86
2,083.63
2,283.63
2,078.83
2,257.86
2,083.63
4,116.83
2,078.83
2,297.86

Total
2,164.27
2,078.83
2,297.86
2,083.63
2,283.63
2,078.83
2,257.86
2,083.63
4,116.83
2,078.83
2,297.86
2,083.63
2,283.63
2,078.83
2,257.86
2,083.63
4,116.83
2,078.83
2,297.86

1/31/97
2/07/97
2/14/97
2/21/97
2/28/97
3/06/97
3/13/97
3/20/97
3/27/97
4/03/97
4/10/97
4/17/97
4/24/97
5/01/97
5/08/97
5/15/97
5/22/97
5/29/97
5/30/97

1,016.37
1,000.00
1,016.37
1,000.00
1,016.37
1,000.00
1,016.37
1,000.00
2,032.74
1,000.00
1,016.37
1,000.00
1,016.37
1,000.00
1,016.37
1,000.00
2,032.74
1,000.00
1,016.37

589.00
570.00
589.00
570.00
589.00
570.00
589.00
570.00
1,016.37
570.00
589.00
570.00
589.00
570.00
589.00
570.00
1,016.37
570.00
589.00

208.37
184.00
208.37
184.00
208.37
184.00
208.37
184.00
416.74
184.00
208.37
184.00
208.37
184.00
208.37
184.00
416.74
184.00
208.37

1,016.37
1,000.00
1,016.37
1,000.00
1,016.37
1,000.00
1,016.37
1,000.00
2,032.74
1,000.00
1,016.37
1,000.00
1,016.37
1,000.00
1,016.37
1,000.00
2,032.74
1,000.00
1,016.37

730
1,016.37
1,000.00
1,016.37
1,000.00
1,016.37
1,000.00
1,016.37
1,000.00
1,016.37
1,000.00
1,016.37
1,000.00
1,016.37
1,000.00
1,016.37
1,000.00
1,016.37
1,000.00
1,016.37

Cookhead New-Oil Zippo Cooking
480.00
452.00
480.00
452.00
480.00
452.00
480.00
452.00
960.00
452.00
480.00
452.00
480.00
452.00
480.00
452.00
960.00
452.00
480.00

1,032.00
1,000.00
1,032.00
1,000.00
1,032.00
1,000.00
1,032.00
1,000.00
2,064.00
1,000.00
1,032.00
1,000.00
1,032.00
1,000.00
1,032.00
1,000.00
2,064.00
1,000.00
1,032.00

570.00
480.00
570.00
480.00
570.00
480.00
570.00
480.00
1,032.00
