1990
ESTIMATED EXPENDITURE BUDGET
REVISION: PREVIOUS REVISION - 10-28-89

JAN FEB MAR APR MAY JUN JUL AUG SEP OCT NOV DEC
BUDGET 13531 13531 13531 13531 13531 13531 13531 13531 13531 13531 13531 13531
BUDGET-TECH.SUPPORT
BUDGET-OPERATIONS
TOTAL - BUDGET
TOTAL - TECH. SUPPORT
TOTAL - OPERATIONS
TOTAL - ALL DIVISIONS
REVENUE
NET REVENUES
CARRYOVER BALANCE
TOTAL RESOURCES
EXPENDITURE
BUDGET DIFFERENCE

0 0 0 0 0 0 0 0 0 0 0 0
13531 13531 13531 13531 13531 13531 13531 13531 13531 13531 13531 13531
0 0 0 0 0 0 0 0 0 0 0 0
13531 13531 13531 13531 13531 13531 13531 13531 13531 13531 13531 13531
20000 20000 20000 20000 20000 20000 20000 20000 20000 20000 20000 20000
6543 6543 6543 6543 6543 6543 6543 6543 6543 6543 6543 6543
13531 13531 13531 13531 13531 13531 13531 13531 13531 13531 13531 13531
6543 6543 6543 6543 6543 6543 6543 6543 6543 6543 6543 6543
0 0 0 0 0 0 0 0 0 0 0 0
19584 19584 19584 19584 19584 19584 19584 19584 19584 19584 19584 19584

BUDGET
160000
20000
-40000
40000
-40000
40000
DIFF.
160000
20000
-40000
40000
-40000
40000

8312346