The Tobacco Institute
Schedule of Expenditures
August 1957

--------------------YEAR-TO-DATE-------------------- ANNUAL
                                           BUDGET
ACTUAL BUDGET VARIANCE ACTUAL BUDGET VARIANCE BUDGET
206,391 205,081 (1,310) 1,913,996 2,067,348 (143,352) 3,622,000
278,687 505,328 (226,641) 6,283,075 6,444,278 (161,203) 9,668,750
278,687 242,786 35,899 4,426,404 4,827,929 (401,525) 7,574,000
110,588 161,174 (49,986) 3,554,241 5,232,353 (1,678,112) 2,006,000
11,599 17,847 (6,248) 1,084,866 1,206,536 (111,670) 2,000,000
Subtotal 605,665 926,330 (320,665) 18,352,572 19,904,824 (1,552,252) 12,000,000
                                           
1902 Product Liability Litigatio 3,654,424 7,000,000 (3,345,576) 2,000,000
1903 OSHA Matters 18,665 216,688 (198,023) 160,000
1904 FDA Matters 15,642 100,000 (84,358) 150,000

Subtotal 3,688,731 7,316,688 (3,627,957) 12,000,000
TOTAL $2,467,326 $2,057,120 ($400,206) $25,310,893 $27,085,092 ($1,774,199) $40,891,750



9/3/37 1:31
