PAGE
1 OF 3
DATE
6/25/2023

1992 OUT-OF-HOME ADVERTISING SCHEDULE
& PRINT & DIRECTORY PLAN

NEW YORK/NEW JERSEY METRO

MEDIA
REMAINING UNITS
JAN
FEB
MAR
APR
MAY
JUN
JUL
AUG
SEP
OCT
NOV
DEC
TOTAL
BLACK & WHITE
150
150
150
150
150
150
150
150
150
150
150
150
1800
COLOR
472
472
472
472
472
472
472
472
472
472
472
472
5664
BLACK & WHITE
150
150
150
150
150
150
150
150
150
150
150
150
1800
COLOR
472
472
472
472
472
472
472
472
472
472
472
472
5664
REMAINING UNITS
150
150
150
150
150
150
150
150
150
150
150
150
1800
BLACK & WHITE
150
150
150
150
150
150
150
150
150
150
150
150
1800
COLOR
472
472
472
472
472
472
472
472
472
472
472
472
5664
REMAINING UNITS
150
150
150
150
150
150
150
150
150
150
150
150
1800
LOS ANGELES/LONG BEACH

BLACK & WHITE
200
200
200
200
200
200
200
200
200
200
200
200
2400
COLOR
586
586
586
586
586
586
586
586
586
586
586
586
7032
REMAINING UNITS
200
200
200
200
200
200
200
200
200
200
200
200
2400
BLACK & WHITE
200
200
200
200
200
200
200
200
200
200
200
200
2400
COLOR
586
586
586
586
586
586
586
586
586
586
586
586
7032
REMAINING UNITS
200
200
200
200
200
200
200
200
200
200
200
200
2400

CHICAGO IL

BLACK & WHITE
200
200
200
200
200
200
200
200
200
200
200
200
2400
COLOR
450
450
450
450
450
450
450
450
450
450
450
450
5400
REMAINING UNITS
200
200
200
200
200
200
200
200
200
200
200
200
2400
BLACK & WHITE
200
200
200
200
200
200
200
200
200
200
200
200
2400
COLOR
450
450
450
450
450
450
450
450
450
450
450
450
5400
REMAINING UNITS
200
200
200
200
200
200
200
200
200
200
200
200
2400

PHILADELPHIA PA

BLACK & WHITE
150
150
150
150
150
150
150
150
150
150
150
150
1800
COLOR
472
472
472
472
472
472
472
472
472
472
472
472
5664
REMAINING UNITS
150
150
150
150
150
150
150
150
150
150
150
150
1800
BLACK & WHITE
150
150
150
150
150
150
150
150
150
150
150
150
1800
COLOR
472
472
472
472
472
472
472
472
472
472
472
472
5664
REMAINING UNITS
150
150
150
150
150
150
150
150
150
150
150
150
1800

DENVER CO/ NM

BLACK & WHITE
227
227
227
227
227
227
227
227
227
227
227
227
2724
COLOR
609
609
609
609
609
609
609
609
609
609
609
609
7308
REMAINING UNITS
227
227
227
227
227
227
227
227
227
227
227
227
2724
BLACK & WHITE
227
227
227
227
227
227
227
227
227
227
227
227
2724
COLOR
609
609
609
609
609
609
609
609
609
609
609
609
7308
REMAINING UNITS
227
227
227
227
227
227
227
227
227
227
227
227
2724

BOSTON/LOWELL/WORCESTER MA.

BLACK & WHITE
1000
1000
1000
1000
1000
1000
1000
1000
1000
1000
1000
1000
12000
COLOR
275
2