1986 BUDGET VERSUS ACTUAL ACTIVITY REPORT
FISCAL YEAR ENDING SEPTEMBER 30, 1986

DEPARTMENT: GENERAL ADMINISTRATION
FUND: GENERAL FUND

BUDGETED   ACTUAL    DIFFERENCE
AMOUNT      AMOUNT       AMOUNT

JAN FEB MAR APR MAY JUN JUL AUG SEP TOTAL CUMULATIVE
--------------------------------------------------------------------------------------------------------------------
PERSONNEL SVC'S
SUPPLIES
TRAVEL
REPAIRS
RENTALS
COMMUNICATIONS
PROFESSIONAL SERVICES
CONTRACTUAL SERVICES
MAINTENANCE
OPERATING EXPENSES
CAPITAL OUTLAY
DEPRECIATION
TOTAL

NOTES:
* STATUS OF APPR. 19,86 CHANGES & SCHEDULED SCHEDULES FOR APRIL.

2,905.00
300.00
200.00
500.00
200.00
400.00
1,000.00
2,000.00
1,000.00
2,000.00
3,000.00
500.00
17,910.00

0
0
0
0
0
0
0
0
0
0
0
0
0

0
0
0
0
0
0
0
0
0
0
0
0
0

2,905.00
300.00
200.00
500.00
200.00
400.00
1,000.00
2,000.00
1,000.00
2,000.00
3,000.00
500.00
17,910.00

471.77
18.61
17.17
18.61
18.61
18.61
18.61
18.61
18.61
18.61
18.61
18.61
495.38

271.77
10.00
10.00
10.00
10.00
10.00
10.00
10.00
10.00
10.00
10.00
10.00
281.77

471.77
18.61
17.17
18.61
18.61
18.61
18.61
18.61
18.61
18.61
18.61
18.61
495.38

2,700.00
250.00
150.00
250.00
200.00
250.00
250.00
250.00
250.00
250.00
250.00
250.00
2,700.00

1,438.96
100.00
100.00
100.00
100.00
100.00
100.00
100.00
100.00
100.00
100.00
100.00
1,438.96

2,700.00
250.00
150.00
250.00
200.00
250.00
250.00
250.00
250.00
250.00
250.00
250.00
2,700.00

1,438.96
100.00
100.00
100.00
100.00
100.00
100.00
100.00
100.00
100.00
100.00
100.00
1,438.96

2,700.00
250.00
150.00
250.00
200.00
250.00
250.00
250.00
250.00
250.00
250.00
250.00
2,700.00

1,438.96
100.00
100.00
100.00
100.00
100.00
100.00
100.00
100.00
100.00
100.00
100.00
1,438.96

2,700.00
250.00
150.00
250.00
200.00
250.00
250.00
250.00
250.00
250.00
250.00
250.00
2,700.00

1,438.96
100.00
100.00
100.00
100.00
100.00
100.00
100.00
100.00
100.00
100.00
100.00
1,438.96

2,700.00
250.00
150.00
250.00
200.00
250.00
250.00
250.00
250.00
250.00
250.00
250.00
2,700.00

1,438.96
100.00
100.00
100.00
100.00
100.00
100.00
100.00
100.00
100.00
100.00
100.00
1,438.96

2,700.00
250.00
150.00
250.00
200.00
250.00
250.00
250.00
250.00
250.00
250.00
250.00
2,700.00

1,438.96
100.00
100.00
100.00
100.00
100.00
100.00
100.00
100.00
100.00
100.00
100.00
1,438.96

2,700.00
250.00
150.00
250.00
200.00
250.00
250.00
250.00
250.00
250.00
250.00
250.00
2,700.00

1,438.96
100.00
100.00
100.00
100.00
100.00
100.00
100.00
100.00
100.00
100.00
100.00
1,438.96

2,700.00