SETTLEMENT DISTRIBUTIONS TO THE STATES

% SHARE OF FIRST YEAR TOTAL
ALL STATES ALLOCATION DOLLAR AVERAGE PAYMENTS
ALLOCATION

ALABAMA 1.27% 86,900,000 101,500,000 2,457,450,000
ALASKA 0.43% 16,900,000 19,200,000 1,484,400,000
ARKANSAS 1.03% 52,370,000 60,680,000 1,682,930,000
CALIFORNIA 13.24% 616,200,000 704,600,000 17,647,535,000
COLORADO 0.83% 38,660,000 44,660,000 2,581,100,000
CONNECTICUT 0.93% 43,710,000 50,430,000 2,148,300,000
DELAWARE 0.29% 16,100,000 18,400,000 1,445,150,000
DISTRICT OF 0.17% 7,830,000 9,000,000 626,850,000
FLORIDA 2.58% 231,300,000 267,000,000 6,948,850,000
GEORGIA 2.03% 93,410,000 107,200,000 3,580,600,000
HAWAII 0.36% 16,600,000 19,100,000 1,234,600,000
IDAHO 0.53% 24,800,000 28,500,000 1,367,400,000
ILLINOIS 2.28% 105,000,000 121,600,000 8,292,450,000
INDIANA 1.36% 63,710,000 73,260,000 2,653,800,000
IOWA 0.73% 34,000,000 39,300,000 2,153,800,000
KANSAS 0.58% 26,900,000 30,900,000 1,746,850,000
KENTUCKY 1.33% 61,910,000 71,430,000 2,465,800,000
LOUISIANA 1.62% 74,780,000 85,610,000 3,181,950,000
MAINE 0.69% 30,900,000 35,500,000 1,485,150,000
MARYLAND 1.21% 55,710,000 64,250,000 2,393,800,000
MASSACHUSETTS 1.38% 63,910,000 73,550,000 2,581,100,000
MICHIGAN 2.41% 111,100,000 127,800,000 6,948,850,000
MINNESOTA 1.31% 60,510,000 69,410,000 2,393,800,000
MISSISSIPPI 0.71% 32,810,000 37,560,000 1,746,850,000
MISSOURI 1.82% 83,910,000 95,830,000 4,584,400,000
MONTANA 0.32% 14,760,000 16,950,000 1,234,600,000
NEBRASKA 0.62% 28,710,000 32,850,000 1,485,150,000
NEVADA 0.91% 42,310,000 48,560,000 2,148,300,000
NEW HAMPSHIRE 0.51% 23,570,000 27,290,000 1,367,400,000
NEW JERSEY 1.72% 78,810,000 90,580,000 4,584,400,000
NEW MEXICO 0.59% 27,360,000 31,490,000 1,746,850,000
NEW YORK 16.17% 744,800,000 850,800,000 37,223,700,000
NORTH CAROLINA 1.92% 87,810,000 101,100,000 4,584,400,000
NORTH DAKOTA 0.36% 16,560,000 19,020,000 1,234,600,000
OHIO 2.72% 124,800,000 142,800,000 8,292,450,000
OKLAHOMA 1.38% 63,910,000 73,550,000 2,581,100,000
OREGON 0.81% 37,410,000 43,240,000 2,153,800,000
PENNSYLVANIA 2.96% 136,100,000 155,800,000 8,292,450,000
RHODE ISLAND 0.31% 14,270,000 16,430,000 1,234,600,000
SOUTH CAROLINA 1.58% 72,910,000 83,850,000 3,181,950,000
SOUTH DAKOTA 0.41% 18,960,000 21,870,000 1,484,400,000
TENNESSEE 1.43% 65,810,000 75,650,000 2,653,800,000
TEXAS 2.91% 133,800,000 153,400,000 8