1965
Cumberland Co. Md.
4/4/65
8/2/65
10/23/65
17218
17218
17218
17218
17218
17218
17218
17218
17218
17218
17218
17218
17218
17218
17218
17218
17218
17218
17218
17218
17218
17218
17218
17218
17218
17218
17218
17218
17218
17218
17218
17218
17218
17218
17218
17218
17218
17218
17218
17218
17218
17218
17218
17218
17218
17218
17218
17218
17218
17218
17218
17218
17218
17218
17218
17218
17218
17218
17218
17218
17218
17218
17218
17218
17218
17218
17218
17218
17218
17218
17218
17218
17218
17218
17218
17218
17218
17218
17218
17218
17218
17218
17218
17218
17218
17218
17218
17218
17218
17218
17218
17218
17218
17218
17218
17218
17218
17218
17218
17218
17218
17218
17218
17218
17218
17218
17218
17218
17218
17218
17218
17218
17218
17218
17218
17218
17218
17218
17218
17218
17218
17218
17218
17218
17218
17218
17218
17218
17218
17218
17218
17218
17218
17218
17218
17218
17218
17218
17218
17218
17218
17218
17218
17218
17218
17218
17218
17218
17218
17218
17218
17218
17218
17218
17218
17218
17218
17218
17218
17218
17218
17218
17218
17218
17218
17218
17218
17218
17218
17218
17218
17218
17218
17218
17218
17218
17218
17218
17218
17218
17218
17218
17218
17218
17218
17218
17218
17218
17218
17218
17218
17218
17218
17218
17218
17218
17218
17218
17218
17218
17218
17218
17218
17218
17218
17218
17218
17218
17218
17218
17218
17218
17218
17218
17218
17218
17218
17218
17218
17218
17218
17218
17218
17218
17218
17218
17218
17218
17218
17218
17218
17218
17218
17218
17218
17218
17218
17218
17218
17218
17218
17218
17218
17218
17218
17218
17218
17218
17218
17218
17218
17218
17218
17218
17218
17218
17218
17218
17218
17218
17218
17218
17218
17218
17218
17218
17218
17218
17218
17218
17218
17218
17218
17218
17218
17218
17218
17218
17218
17218
17218
17218
17218
17218
17218
17218
17218
17218
17218
17218
17218
17218
17218
17218
17218
17218
17218
17218
17218
17218
17218
17218
17218
17218
17218
17218
17218
17218
17218
17218
17218
17218
17218
17218
17218
17218
17218
17218
17218
17218
17218
17218
17218
17218
17218
17218
17218
17