B&W BROWN AND WILLIAMSON TOBACCO CORPORATION B&W

( FROMLYJ - 5 ) BROWN & WILLIAMSON CORPORATION
NATIONAL DISTRIBUTION OF COUPON VALUES
PACKAGE DATA
BRAND-TOTAL
TABLE OF STATE BY COUPON

15:37 Friday, June 21, 1946
PAGE
29

STATE COUPON
Frequency
Rate Per
Cst. Pct
$0.00 $0.01 $.16 $.21 -$.26 $.31 - Total
AK .00 .00 .00 .00 .00 .00 0
.00 .00 .00 .00 .00 .00 .55

AL 4
.00 .00 .00 .00 .00 .00 3
1.00 .00 .00 .00 .00 .00 .92

AR 6
1.65 .00 .00 .00 .00 .00 10
.00 .00 .00 .00 .00 .00 1.84

AZ 3
.74 .00 .00 .00 .00 .00 2
1.02 .00 .00 .00 .00 .00 .74

CA 16
.39 .00 .00 .00 .00 .00 14
.00 .00 .00 .00 .00 .00 5.92

CO 8
1.29 .00 .00 .00 .00 .00 7
.00 .00 .00 .00 .00 .00 1.29

CT 3
.00 .00 .00 .00 .00 .00 4
.00 .00 .00 .00 .00 .00 .56

DE 2
.00 .00 .00 .00 .00 .00 3
.00 .00 .00 .00 .00 .00 .18

FL 14
.00 .00 .00 .00 .00 .00 12
.00 .00 .00 .00 .00 .00 3.76

GA 15
.00 .00 .00 .00 .00 .00 14
.00 .00 .00 .00 .00 .00 4.28

ID 2
.00 .00 .00 .00 .00 .00 3
.00 .00 .00 .00 .00 .00 .16

IL 17
.00 .00 .00 .00 .00 .00 15
.00 .00 .00 .00 .00 .00 4.83

IN 9
.00 .00 .00 .00 .00 .00 7
.00 .00 .00 .00 .00 .00 2.16

IA 5
.00 .00 .00 .00 .00 .00 4
.00 .00 .00 .00 .00 .00 .83

KS 7
.00 .00 .00 .00 .00 .00 6
.00 .00 .00 .00 .00 .00 1.29

KY 14
.00 .00 .00 .00 .00 .00 13
.00 .00 .00 .00 .00 .00 3.86

LA 7
.00 .00 .00 .00 .00 .00 5
.00 .00 .00 .00 .00 .00 1.42

ME 2
.00 .00 .00 .00 .00 .00 3
.00 .00 .00 .00 .00 .00 .15

MD 3
.00 .00 .00 .00 .00 .00 2
.00 .00 .00 .00 .00 .00 .47

MA 6
.00 .00 .00 .00 .00 .00 5
.00 .00 .00 .00 .00 .00 1.28

MI 13
.00 .00 .00 .00 .00 .00 12
.00 .00 .00 .00 .00 .00 3.57

MN 6
.00 .00 .00 .00 .00 .00 4
.00 .00 .00 .00 .00 .00 1.28

MS 3
.00 .00 .00 .00 .00 .00 2
.00 .00 .00 .00 .00 .00 .47

MO 9
.00 .00 .00 .00 .00 .00 8
.00 .00 .00 .00 .00 .00 1.62

Continued

462211276
PRODUCED FROM B&W WEB SITE