Q. 34, 1. Air pollution is the most important cause of lung cancer.

NEVER	EVER	FORMER	CURRENT	TOTAL
Strongly agree	M	117	17.6	409	20.0	117	18.3	292	20.8	526	19.3
			F	233	13.4	268	20.3	52	17.9	216	21.0	507	16.1
Mildly agree	M	209	31.4	788	38.5	252	39.4	536	38.1	997	36.1
			F	597	34.3	484	36.7	106	36.6	378	36.7	1081	33.2
No opinion	M	131	19.7	295	14.4	84	13.1	211	15.0	426	15.7
			F	374	21.5	174	13.2	34	11.7	140	13.6	548	17.1
Mildly disagree	M	151	22.7	387	18.9	144	22.5	243	17.3	538	19.1
			F	395	22.7	297	22.5	84	29.0	213	20.7	692	22.1
Strongly disagree	M	42	6.3	147	7.2	35	5.5	112	8.0	189	7.1
			F	114	6.6	86	6.5	14	4.8	72	7.0	200	4.1
No answer	M	15	2.2	20	1.0	7	1.1	13	0.9	35	1.1
			F	26	1.5	11	0.8	-	-	11	1.1	37	1.1
Total	M	665	99.9	2040	100.0	639	99.9	1407	100.0	2751	100.0
			F	1739	100.0	1326	100.0	290	100.0	1039	100.0	3089	99.1



					695		1966




TC15855
TIMN 0091757