Mix Tank RL/RLT Prep Soluble C/L 1200 gal. Batch Size

Solubles

41.9% 42.3% 42.7% 43.1% 43.5% 43.8% 44.3% 44.7%
1040 1062 1065 1077 1081 1102 1113 1125
169 148 141 142 143 145 146 147
1037 1050 1062 1077 1087 1099 1111 1122
166 150 152 156 157 159 161 163
1034 1047 1059 1072 1084 1095 1108 1119
158 153 141 128 116 104 92 81
1031 1044 1057 1069 1081 1093 1105 1117
156 142 142 131 119 109 99 83
1028 1041 1054 1056 1079 1091 1102 1114
153 141 141 134 124 108 88 75
1025 1038 1051 1064 1077 1088 1100 1111
152 142 142 138 123 112 99 89
1022 1035 1048 1061 1074 1085 1097 1109
151 135 135 142 116 102 93 78
1019 1032 1045 1052 1065 1077 1088 1101
149 137 137 142 119 108 104 94
1017 1029 1042 1056 1070 1082 1094 1103
148 136 136 145 122 109 106 95
1015 1027 1040 1050 1063 1075 1086 1100
147 134 134 147 124 107 102 91
1013 1024 1037 1044 1057 1069 1081 1092
146 133 133 149 127 105 98 86
1011 1021 1034 1041 1054 1066 1078 1090
145 132 132 151 129 104 96 84
1009 1018 1031 1037 1050 1062 1074 1085
144 131 131 153 131 103 94 82
1007 1015 1028 1034 1047 1059 1071 1082
143 130 130 155 133 101 92 80
1005 1012 1024 1031 1044 1056 1068 1079
142 129 129 157 135 100 90 78
1003 1010 1021 1027 1040 1052 1064 1075
141 128 128 160 137 99 88 76
999 1006 1018 1024 1037 1049 1061 1072

46.5%
46.6%
46.7%
46.8%
46.9%
47.0%
47.1%
47.2%
47.3%
47.4%
47.5%
47.6%
47.7%
47.8%
47.9%

995 1002 1014 1020 1033 1045 1057 1069
140 127 127 163 139 98 87 75
991 998 1010 1016 1029 1041 1053 1065
139 126 126 166 141 97 86 74
987 994 1006 1012 1024 1036 1048 1060
138 125 125 169 143 96 85 73
983 990 1002 1008 1021 1033 1045 1057
137 124 124 172 145 95 84 72
979 986 998 1004 1017 1029 1041 1053
136 123 123 175 147 94 83 71
975 982 994 1000 1012 1024 1036 1048
135 122 122 178 149 93 82 70
971 978 990 996 1009 1021 1033 1045
134 121 121 181 151 92 81 69
967 974 986 992 1004 1016 1028 1040
133 120 120 184 153 91 80 68

Soluble C/L

