1995 vs. 1994 Cure Quick Comparison - PME 10/27/95

1° >1/2" 1/4" 1/8” Pan 3/32” TSWOF OV

SPI 1995 49.12 86.21 11.73 1.77 0.29 0.06 2.00 10.06
4MORES 1994 52.16 86.46 11.43 1.72 0.27 0.04 2.11 12.01
TPI 1995 5.04 -0.27 0.92 0.03 0.06 -0.10 0.71 0.08

4EBARS 1995 56.07 89.28 9.19 1.31 0.21 0.32 1.72 12.03
4MORES 1994 56.42 86.46 10.07 1.46 0.19 -0.01 1.99 12.23
4EBARS DFF 1995 37.71 85.11 12.42 1.45 0.34 0.02 0.94 12.36
4MORES DFF 1994 43.43 84.06 12.17 1.52 0.22 0.03 1.43 12.41
4EBARS 1995 52.86 86.21 12.12 1.68 0.31 0.02 1.72 12.37
4MORES 1994 49.82 85.37 11.46 1.67 0.23 -0.02 1.98 12.00

5GFAFS 1995 43.95 86.21 13.63 2.88 0.32 0.09 4.58 12.35
5GTBARS 1994 48.72 84.94 13.69 2.82 0.31 0.07 -0.10 12.06
5GFAFS 1995 50.97 86.32 11.54 1.84 0.23 0.07 1.66 12.31
5GTBARS 1994 52.37 85.06 12.13 1.47 0.34 0.02 1.37 12.81

40BFAFS 1995 48.52 87.14 10.61 1.39 -0.01 0.40 1.97 -0.23
40GTBARS 1994 41.57 84.36 11.56 1.38 0.34 0.12 1.49 12.23
40BFAFS 1995 53.87 86.31 11.54 1.56 0.31 0.05 1.73 12.07
40GTBARS 1994 52.77 84.61 11.36 1.52 0.29 0.13 1.82 13.00

DFF 1995 0.11 -0.57 0.14 0.47 0.02 -0.13 -0.27 -0.27



191636131