2000 YTD Results

SMOKE #12 #14 #16 Charostine #18 Galaxy #20 Luxor #22 #24 #26 #28 #30 #32 #34 #36 #38 #40 #42
mg mg mg mg mg mg mg mg mg mg mg mg mg mg mg
#1 59.7 61.1 62.4 63.7 65.0 66.3 67.6 68.9 70.2 71.5 72.8 74.1 75.4 76.7 78.0
#2 57.8 59.2 60.5 61.8 63.1 64.4 65.7 67.0 68.3 69.6 70.9 72.2 73.5 74.8 76.1
#3 55.9 57.3 58.6 59.9 61.2 62.5 63.8 65.1 66.4 67.7 69.0 70.3 71.6 72.9 74.2
#4 54.0 55.4 56.7 58.0 59.3 60.6 61.9 63.2 64.5 65.8 67.1 68.4 69.7 71.0 72.3
#5 52.1 53.5 54.8 56.1 57.4 58.7 60.0 61.3 62.6 63.9 65.2 66.5 67.8 69.1 70.4
#6 50.2 51.6 52.9 54.2 55.5 56.8 58.1 59.4 60.7 62.0 63.3 64.6 65.9 67.2 68.5
#7 48.3 49.7 51.0 52.3 53.6 54.9 56.2 57.5 58.8 60.1 61.4 62.7 64.0 65.3 66.6
#8 46.4 47.8 49.1 50.4 51.7 53.0 54.3 55.6 56.9 58.2 59.5 60.8 62.1 63.4 64.7
#9 44.5 45.9 47.2 48.5 49.8 51.1 52.4 53.7 55.0 56.3 57.6 58.9 60.2 61.5 62.8
#10 42.6 44.0 45.3 46.6 47.9 49.2 50.5 51.8 53.1 54.4 55.7 57.0 58.3 59.6 60.9
#11 40.7 42.1 43.4 44.7 46.0 47.3 48.6 49.9 51.2 52.5 53.8 55.1 56.4 57.7 59.0
#12 38.8 40.2 41.5 42.8 44.1 45.4 46.7 48.0 49.3 50.6 51.9 53.2 54.5 55.8 57.1
#13 36.9 38.3 39.6 40.9 42.2 43.5 44.8 46.1 47.4 48.7 50.0 51.3 52.6 53.9 55.2
#14 35.0 36.4 37.7 39.0 40.3 41.6 42.9 44.2 45.5 46.8 48.1 49.4 50.7 52.0 53.3
#15 33.1 34.5 35.8 37.1 38.4 39.7 41.0 42.3 43.6 44.9 46.2 47.5 48.8 50.1 51.4
#16 31.2 32.6 33.9 35.2 36.5 37.8 39.1 40.4 41.7 43.0 44.3 45.6 46.9 48.2 49.5
#17 29.3 30.7 32.0 33.3 34.6 35.9 37.2 38.5 39.8 41.1 42.4 43.7 45.0 46.3 47.6
#18 27.4 28.8 30.1 31.4 32.7 34.0 35.3 36.6 37.9 39.2 40.5 41.8 43.1 44.4 45.7
#19 25.5 26.9 28.2 29.5 30.8 32.1 33.4 34.7 36.0 37.3 38.6 39.9 41.2 42.5 43.8
#20 23.6 25.0 26.3 27.6 28.9 30.2 31.5 32.8 34.1 35.4 36.7 38.0 39.3 40.6 41.9
#21 21.7 23.1 24.4 25.7 27.0 28.3 29.6 30.9 32.2 33.5 34.8 36.1 37.4 38.7 40.0
#22 19.8 21.2 22.5 23.8 25.1 26.4 27.7 29.0 30.3 31.6 32.9 34.2 35.5 36.8 38.1
#23 17.9 19.3 20.6 21.9 23.2 24.5 25.8 27.1 28.4 29.7 31.0 32.3 33.6 34.9 36.2
#24 16.0 17.4 18.7 20.0 21.3 22.6 23.9 25.2 26.5 27.8 30.1 31.4 32.7 34.0 35.3
#25 14.1 15.5 16.8 18.1 19.4 20.